15.8637
16.568
16.1163
16.513
16.546
16.6371
16.5266
16.5936
16.6014
16.6326
16.5186
15.9226
16.4419
16.662
16.6026
16.6319
16.5733
16.6501
16.5722
16.5956
15.8858
16.6283
16.6555
16.5371
16.482
16.5551
16.5255
16.6175
16.4858
16.6262
16.4438
16.5486
16.5964
16.112
16.1285
16.3833
16.6405
16.5874
15.7063
16.5574
16.6498
16.6454
16.4925
16.6476
16.4672
16.0491
16.5224
16.4556
15.9697
16.5084
16.4968
16.5987
15.9496
16.6275
16.5674
16.5489
16.4476
16.1154
16.5196
16.4838
16.46
16.4179
16.5062
16.6524
16.6408
16.5572
16.5901
16.4585
16.5518
16.565
16.6262
16.0471
16.653
15.4087
16.6481
16.6331
16.4561
16.5177
16.6541
16.6325
16.4426
16.5619
16.5894
15.7725
16.509
16.1079
15.7222
15.9539
16.1104
16.0311
16.0138
16.0179
16.5917
16.6139
16.6614
15.8417
16.0904
16.5113
15.9357
16.4264
16.5873
15.9382
16.1841
16.3079
16.5633
16.493
16.1005
16.4588
15.9521
16.6527
15.9703
16.064
16.5855
16.5779
16.1119
16.6506
16.3503
16.5198
16.5349
16.378
16.4292
16.6561
16.5948
16.5626
16.6107
16.5664
15.5751
16.5561
16.4674
16.6639
16.5777
16.4915
16.5589
16.5866
16.4911
16.6496
16.635
16.6549
16.4657
