13.8576
13.9306
13.8491
13.8335
13.9027
13.9208
13.8742
13.8876
13.9282
13.935
13.9361
13.9266
13.9187
13.9295
13.8731
13.9308
13.9328
13.9287
13.8604
13.8526
13.9124
13.8979
13.935
13.8914
13.9438
13.9218
13.9121
13.8211
13.9373
13.9116
13.9337
13.9416
13.9344
13.9364
13.9175
13.7825
13.9281
13.9271
13.9433
13.9038
13.935
13.8664
13.9213
13.8602
13.8612
13.925
13.881
13.853
13.9432
13.8613
13.919
13.9429
13.9228
13.8105
13.9416
13.9378
13.7814
13.8527
13.92
13.9309
13.9241
13.8669
13.9449
13.9306
13.9272
13.8902
13.9034
13.9371
13.9433
13.9297
13.9051
13.9264
13.7923
13.9368
13.9459
13.9019
13.9168
13.9403
13.9193
13.9096
13.8856
13.9391
13.9353
13.8541
13.8619
13.8581
13.8795
13.9371
13.8332
13.9392
13.8466
13.9241
13.9439
13.8168
13.9442
13.907
13.8706
13.8649
13.9124
13.927
13.9387
13.9314
13.917
13.92
13.8109
13.9432
13.9211
13.8971
13.9249
13.8602
13.8763
13.9244
13.8903
13.8402
13.8339
13.8988
13.9289
13.8803
13.8523
13.9246
13.8489
13.9444
13.9139
13.9426
13.9098
13.9079
13.8655
13.8928
13.845
13.9445
13.9134
13.9418
13.853
13.869
13.9323
13.9376
13.9426
13.9118
13.8765
13.8524
13.9336
13.8987
13.8698
13.9359
13.9302
13.9286
13.9168
13.9419
13.9278
13.9339
13.9377
13.8772
13.7811
13.8229
13.8017
13.8707
13.9381
13.8514
13.8576
13.8684
13.8836
13.9378
13.9097
13.8406
13.8472
13.8417
13.9447
13.8878
13.88
13.9428
13.9203
13.9344
13.9298
13.9359
13.9063
13.8809
13.9195
13.9202
13.9401
13.9373
13.9409
13.8594
13.9019
13.9457
13.861
13.8666
13.8847
13.8812
13.8954
13.9309
13.9396
13.8805
13.9128
13.8855
13.8841
13.9268
13.9386
13.8637
13.8546
13.93
