0.603801
6.10164
6.18472
6.31244
6.25885
6.24295
5.66266
5.2142
4.78347
4.27988
3.63123
2.96079
2.14957
0
0
0
3.78172
2.79613
1.81048
0
0
0
0
0
0
0
6.09941
5.57608
4.81478
3.81137
2.56023
0
0
0
0
0
0
6.50149
6.12164
5.62108
4.931
4.29821
3.6783
2.85298
1.49481
0
0
0
0
0
0
4.43749
3.77469
2.70666
1.63832
0
0
0
0
0
0
0
0
0
0
0
0
0
0
0
8.64889
8.43111
8.35982
8.19412
8.17922
8.26841
8.20031
8.25143
8.09192
8.12173
8.17587
8.17965
8.20986
8.55833
8.69272
8.72435
8.8676
8.87018
0
0
0
0
0
0
0
0
0
0
0
0
0.980334
3.10253
3.78418
0
0
0
2.27151
3.61607
4.57088
4.98305
5.76969
6.49552
0
0
0
0
0.231291
3.0911
4.4835
5.69432
0
0
0
0
1.33936
3.17492
0
0
0.587707
3.11348
4.41057
5.50411
6.29833
0
0
0
0
0
0.633104
3.35282
4.40007
5.34154
5.97332
0
0
0
0
2.47181
3.88205
0
1.30413
3.40553
0
0
0
2.28284
3.96488
5.07148
0
0
0
0
2.14807
3.75358
4.8506
0
0
0
0
2.00378
0.936975
3.0812
4.06362
0
0
0.93768
3.3268
0
0
2.53332
0
2.15769
3.6977
4.76422
0
0
1.36985
3.40854
4.49035
0
0
0.766839
0
0
2.53637
0
0
2.63889
3.8645
0
1.48281
1.58101
3.33486
0
0
0
0
2.55742
3.5653
0
2.02154
0
0
1.23551
2.38238
0
1.78631
2.62358
3.29713
3.81771
0
0
0
0
0.692503
1.24561
2.08535
2.99794
3.42444
0
0
0
0
1.08459
2.32065
0
0.546157
2.33026
0
0.774718
2.2756
3.0822
0
0
0
1.39679
2.65883
3.4731
0
0
2.06243
0
0
1.11942
2.7896
0
0.146674
2.42025
0
0
0
2.09787
1.14082
0
0
2.28008
0
2.16394
1.82938
2.19591
0
1.80842
0
0
0.628301
0
1.38056
1.42479
0
0
1.22316
0
0
0
0
0
0
0
0
0
0
0
1.14069
1.93843
1.82814
0
1.03426
2.01704
0
0.34244
0
1.43848
0
0
1.18704
0
0
0
0
0
0
0.625014
1.60727
0
1.35206
0
1.74449
0.81146
0
0.706298
0.849731
0
0
0
0
0.55337
0
0
0.612936
0
1.2299
0.831559
0.922743
0
0
0
1.3209
1.17358
0.341334
1.07394
0.973705
1.10571
0.624483
0
0.606953
0
0.477886
0.42292
0
0.265877
0.64227
1.23197
0
1.182
0
0.301371
0
1.30898
1.19447
0.439374
0.636847
0.0981677
0
0.6273
0.244949
0.69985
0.263413
0.182831
0.617573
0
