14.4972
15.4776
15.5405
15.5462
15.5344
15.5233
15.5177
15.5096
15.5212
15.4742
15.4635
15.4339
15.445
15.4674
15.4489
15.4343
15.4666
15.4995
15.5057
15.5062
15.5199
15.5448
15.5537
15.5771
15.5792
15.5801
15.541
15.5491
15.5057
15.4769
15.5127
15.5639
15.5562
15.5193
15.6208
15.6457
15.6371
15.4672
15.4438
15.443
15.4367
15.4177
15.3539
15.3317
15.3054
15.3331
15.347
15.3889
15.4395
15.5048
15.5545
15.6423
15.6873
15.7111
15.7464
15.7794
15.7568
15.7882
15.8005
15.8163
15.8274
15.7874
15.7622
15.7717
15.8045
15.7656
15.7902
15.7947
15.7686
15.7722
15.8123
15.8514
15.8416
15.8653
15.8641
15.854
15.8517
15.8267
15.8237
15.8215
15.8266
15.7982
15.7964
15.7967
15.8061
15.7963
15.8283
15.8601
15.882
15.9005
15.9444
15.9848
16.0483
16.0606
16.0739
16.0543
15.9552
15.8708
15.8241
15.7955
15.876
15.8282
15.8079
15.8939
15.9567
15.9601
15.9449
15.9606
16.0476
16.0726
16.0666
16.0673
16.0725
16.0666
16.063
16.0697
16.0631
16.0542
16.0467
16.0397
16.0476
16.0675
16.0725
16.0562
16.0201
15.9976
15.9416
15.8957
15.8573
15.7882
