17.4558
17.4619
17.5132
17.4596
17.4588
17.5108
17.461
17.4568
17.4474
17.2381
17.4554
17.5293
17.4543
17.4559
17.2299
17.465
17.4581
17.4527
17.4545
17.447
17.4675
17.454
17.4394
17.4998
17.4617
17.4574
17.4548
17.4923
17.4558
17.461
17.467
17.459
17.5246
17.4585
17.4542
17.4611
17.4548
17.4692
17.4467
17.4528
17.4497
17.474
17.2475
17.461
17.4641
17.438
17.4427
17.4555
17.4573
17.4643
17.461
17.4282
17.4576
17.4823
17.4501
17.242
17.461
17.4612
17.47
17.4558
17.4618
17.4654
17.4224
17.4552
17.4359
17.4516
17.4543
17.4405
17.4658
17.4467
17.4631
17.4633
17.4632
17.4491
17.4571
17.4491
17.4586
17.4575
17.5354
17.4556
17.4547
17.2497
17.2479
17.2407
17.4563
17.4395
17.4609
17.4618
17.4529
17.4612
17.2343
17.4557
17.455
17.2453
17.4565
17.4569
17.4563
17.4668
17.4602
17.4527
17.4547
17.1152
17.1287
17.2551
17.247
17.4222
17.4642
17.4681
17.5128
17.4403
17.4606
17.438
17.4873
17.4573
17.4553
17.1912
17.4529
17.4583
17.4621
17.4556
17.4571
17.4517
17.3306
17.4569
17.4614
17.4495
17.4628
17.4547
17.454
17.2514
17.4287
17.235
17.4891
17.2538
17.4666
17.2501
17.2432
17.4576
17.2532
17.4585
17.4528
17.4619
17.5293
17.2445
17.2541
17.4494
17.4545
17.463
17.4563
17.4627
17.4788
17.4565
17.4812
17.4636
17.5117
17.4543
17.4459
17.3284
17.4517
17.462
17.457
17.4629
17.5226
17.4542
17.4553
17.4477
17.2321
17.4619
17.4614
17.4565
17.4539
17.454
17.462
17.5184
17.3526
17.4621
17.4545
17.4557
17.4552
17.5284
17.4584
17.4607
17.4503
17.448
17.4624
17.4434
17.4541
17.4633
17.4627
17.4503
17.4379
17.4606
17.4599
17.4562
17.4504
17.4766
17.4571
17.4576
17.2422
17.4564
17.4631
17.4373
17.4534
17.4633
17.4502
17.4827
17.4476
17.1302
17.4746
17.4353
17.512
17.4582
17.4602
17.5048
17.4744
17.4631
17.5117
17.4568
17.4963
17.4528
17.464
17.4535
17.4541
17.482
17.454
17.4616
17.5131
17.4646
17.1865
17.5013
17.4654
17.2355
17.4613
17.494
17.4569
17.4784
17.4518
17.2487
17.4518
17.4379
17.4262
17.4527
17.4651
17.4527
17.4558
17.4551
17.4793
17.454
17.527
17.4372
17.4747
17.4544
17.4577
17.4852
17.4548
17.4615
17.4561
17.4563
17.4552
17.4569
17.466
17.4516
17.2422
17.4528
17.4476
17.4615
17.4614
17.4796
17.4539
17.4665
17.4616
17.4517
17.4655
17.4508
17.4533
17.4785
17.4429
17.4554
17.2345
17.4629
17.4601
17.4564
17.2458
17.449
17.4567
17.4521
17.459
17.4632
17.5069
17.4502
17.4378
17.2659
17.4575
17.4635
17.4543
17.4527
17.4826
17.4471
17.441
17.4545
17.4624
17.4562
17.4938
17.4502
17.4627
17.4816
17.4553
17.4598
17.4566
17.455
17.455
17.4483
17.4625
17.4399
17.5298
17.4576
17.5008
17.4666
17.4528
17.4619
17.5193
17.4584
17.2326
17.4786
17.4473
17.464
17.4959
17.4561
17.4658
17.4472
17.4592
17.4642
17.4545
17.4609
17.4241
17.4472
17.44
17.4572
17.4541
17.4558
17.4617
17.4515
17.4601
17.4567
17.4609
17.4642
17.5315
17.4552
17.2511
17.4662
17.4965
17.4497
17.5327
17.4508
17.487
17.4435
17.4552
17.4585
17.4225
17.4477
17.4515
17.49
17.4589
17.4691
17.4644
17.458
17.4573
17.2493
17.4879
17.2458
17.4516
17.2651
17.2433
17.4596
17.2476
17.449
17.458
17.2558
17.4612
17.4536
17.4609
17.4383
17.4632
17.4853
17.4472
17.4526
17.4672
17.4609
17.4386
17.4609
17.445
17.4606
17.4577
17.5335
17.4556
17.1084
17.4653
17.4492
17.4527
17.4827
17.4633
17.4496
17.2465
17.4637
17.4577
17.4572
17.4619
17.4503
17.4516
17.4566
17.4479
17.4617
17.4606
17.4548
17.4371
17.5019
17.4565
17.4568
17.4453
17.4665
17.4598
17.4472
17.4451
17.4575
17.4678
17.4532
17.4634
17.4605
17.4679
17.2432
17.463
17.4508
17.2303
17.4613
17.4632
17.4549
17.4585
17.4424
17.2469
17.5251
17.4504
17.4613
17.442
17.2475
17.4619
17.4544
17.4508
17.4524
17.2245
17.4601
17.4539
17.4823
17.4554
17.4599
17.4529
17.4596
17.4551
17.4571
17.4686
17.5281
17.457
17.4624
17.4615
17.4404
17.2349
17.4619
17.4605
17.4445
17.4702
17.4497
17.4567
17.5338
17.4645
17.4285
17.4584
17.1343
17.4483
17.4617
17.2237
17.4592
17.4609
17.2456
17.5276
17.4867
17.4488
17.4516
17.5126
17.4651
17.4555
17.4678
17.4554
17.4422
17.4608
17.4656
17.4875
17.4926
17.4656
17.4533
17.4564
17.4505
17.4387
17.443
17.455
17.4657
17.4628
17.4761
17.4638
17.4546
17.4596
17.4557
17.4616
17.4636
17.4515
17.4786
17.4531
17.4626
17.4572
17.4488
17.5153
17.4564
17.4538
17.4716
17.242
17.4576
17.4593
17.4588
17.4495
17.4997
17.4678
17.4613
17.4615
17.4545
17.4521
17.4528
17.4551
17.5321
17.4846
17.3386
17.4562
17.2548
17.435
17.4383
17.5109
17.4413
17.4649
17.4461
17.4822
17.4593
17.2454
17.2435
17.461
17.4504
17.4569
17.25
17.2235
17.4591
17.4553
17.4644
17.4545
17.4663
17.4531
17.4595
17.4627
17.4609
17.4401
17.4562
17.4438
17.4583
17.4606
17.4472
17.244
17.4552
17.4753
17.4254
17.4651
17.4585
17.4345
17.3888
17.4605
17.5118
17.4578
17.469
17.4532
17.5315
17.4557
17.4684
17.4572
17.4809
17.2498
17.2527
17.4328
17.4667
17.4568
17.4574
17.4558
17.4627
17.4617
17.4501
17.2492
17.4617
17.461
17.4538
17.4597
17.4439
17.4769
17.2579
17.2313
17.4501
17.4575
17.4595
17.4365
17.43
17.4621
17.4414
17.438
17.4558
17.4374
17.4533
17.4552
17.4391
17.4523
17.4588
17.4597
17.4592
17.4572
17.4551
17.4493
17.4558
17.4597
17.4523
17.4361
17.2344
17.5161
17.4553
17.4553
17.4477
17.4575
17.4622
17.4558
17.4573
17.5073
17.4431
17.4624
17.2652
17.4549
17.4503
17.4538
17.4502
17.4541
17.4492
17.453
17.4577
17.4637
17.4605
17.454
17.4476
17.4584
17.4551
17.4563
17.46
17.2421
17.4137
17.4563
17.454
17.4598
17.4773
17.5278
17.2443
17.4552
17.4207
17.4645
17.4429
17.4607
17.4516
17.4854
17.4594
17.4627
17.4471
17.4618
17.4576
17.4599
17.4578
17.4606
17.4502
17.4584
17.4624
17.4566
17.4668
17.4618
17.4525
17.4537
17.4538
17.4541
17.4547
17.4527
17.4611
17.2548
17.4549
17.4569
17.4423
17.4563
17.4633
17.4538
17.4548
17.4549
17.4517
17.4568
17.482
17.4599
17.465
17.4337
17.523
17.4216
17.4584
17.461
17.5427
17.4766
17.4576
17.4566
17.464
17.4774
17.4565
17.4779
17.4525
17.4396
17.4545
17.4554
17.4536
17.5263
17.4528
17.4419
17.4604
17.4642
17.4622
17.4522
17.4528
17.4586
17.4487
17.4394
17.4533
17.449
17.4518
17.3455
17.5132
17.4554
17.4489
17.4844
17.4627
17.4328
17.4552
17.5032
17.4566
17.4574
17.4608
17.4478
17.2493
17.5168
17.4403
17.5011
17.4529
17.5125
17.4624
17.4634
17.451
17.4542
17.481
17.4503
17.4678
17.4659
17.4628
17.3621
17.456
17.4823
17.449
17.4401
17.455
17.5126
17.4593
17.4491
17.5046
17.4557
17.4588
17.4646
17.4472
17.453
17.4583
17.4538
17.4539
17.455
17.4585
17.4566
17.448
17.4338
17.4609
17.4529
17.2458
17.4381
17.5139
17.4819
17.4544
17.4575
17.4577
17.4574
17.4552
17.4528
17.4649
17.4343
17.2435
17.5101
17.4635
17.4831
17.4502
17.453
17.4567
17.4545
17.2502
17.4541
17.2522
17.4556
17.4476
17.5151
17.4613
17.4526
17.4613
17.2346
17.4586
17.4638
17.4563
17.4469
17.4542
17.4427
17.4595
17.4528
17.4533
17.4524
17.2496
17.4625
17.2435
17.4622
17.4335
17.4569
17.4588
17.4418
17.4475
17.4561
17.4416
17.4588
17.4593
17.4824
17.4688
17.4627
17.4603
17.4326
17.4564
17.4372
17.2386
17.4561
17.4618
17.4624
17.4681
17.4515
17.2533
17.4742
17.2457
17.4481
17.452
17.3635
17.4821
17.4553
17.4777
17.4471
17.4569
17.4621
17.4592
17.4421
17.4534
17.4412
17.4543
17.4564
17.535
17.4474
17.4691
17.4623
17.4569
17.4575
17.4658
17.5292
17.4567
17.4397
17.4527
17.5358
17.4564
17.4603
17.4678
17.4421
17.4383
17.4553
17.4637
17.455
17.4548
17.4633
17.4547
17.4869
17.4665
17.4516
17.4587
17.4585
17.4619
17.4556
17.5146
17.4456
17.5146
17.4578
17.4596
17.459
17.4628
17.4586
17.4534
17.5332
17.4353
17.4586
17.4591
17.5337
17.5278
17.538
17.4575
17.4572
17.4578
17.5162
17.2494
17.4794
17.4546
17.4275
17.2456
17.2505
17.4657
17.25
17.4609
17.529
17.4565
17.4612
17.4552
17.4499
17.4515
17.4651
17.4609
17.4385
17.4584
17.5031
17.4652
17.4662
17.4765
17.4564
17.4355
17.4545
17.4686
17.4632
17.2531
17.4488
17.4557
17.5081
17.4575
17.4595
17.4514
17.462
17.4533
17.2318
17.4627
17.4561
17.4894
17.4604
17.4627
17.4656
17.4589
17.4527
17.4569
17.4548
17.458
17.4601
17.2547
17.4632
17.4623
17.4562
17.4579
17.4564
17.2515
17.4617
17.4447
17.2468
17.2645
17.4524
17.4507
17.4582
17.452
17.496
17.4583
17.4854
17.2499
17.4722
17.4527
