20.8192
17.8801
17.8488
17.8024
17.7783
17.7566
17.7162
17.6953
17.6843
17.636
17.6004
17.5983
17.5983
17.619
17.661
17.718
17.79
17.8562
17.9778
18.1005
18.2308
18.376
18.5518
18.6847
18.8423
19.0244
19.1955
19.397
19.5903
19.7999
20.0186
20.2229
20.4323
20.6493
20.8687
21.0811
21.3028
21.5213
21.7275
21.9082
22.0687
22.2272
22.3852
22.5253
22.6605
22.7866
22.9051
23.0138
23.1172
23.2175
23.3113
23.3976
23.4732
23.539
23.6073
23.6673
23.7411
23.8092
23.8561
23.8946
23.9337
23.9783
24.02
24.0563
24.0932
24.1324
24.1663
24.2056
24.2458
24.2766
24.296
24.3162
24.3405
24.3501
24.3541
24.3612
24.3569
24.3524
24.3307
24.3052
24.2935
24.289
24.2815
24.2695
24.2481
24.2312
24.2236
24.2086
24.1947
24.1801
24.1604
24.1444
24.1326
24.1188
24.105
24.0897
24.0757
24.0632
24.0606
24.0612
24.0681
24.0754
24.089
24.1211
24.1612
24.2015
24.2425
24.2874
24.3324
24.3818
24.4304
24.4743
24.4773
24.4658
24.454
24.4416
24.4294
24.4161
24.4021
24.3875
24.3745
24.3595
24.3444
24.328
24.3129
24.2981
24.2806
24.2637
24.2456
24.2259
24.2086
24.1901
24.1737
24.1579
24.1415
24.1256
24.1104
24.0972
24.0827
24.0665
24.0499
24.0338
24.017
24
23.9852
23.9687
23.951
23.9287
23.9053
23.8826
23.858
23.8366
23.8132
23.7939
23.7733
23.7546
23.7336
23.7124
23.6912
23.6695
23.6473
23.6242
23.6026
23.5821
23.5656
23.5482
23.5312
23.5142
23.5013
23.4951
23.4835
23.4797
23.4785
23.4778
23.4737
23.4722
23.4739
23.4753
23.4749
23.4751
23.476
23.4776
23.4809
23.4898
23.498
23.5088
23.5183
23.5333
23.5506
23.5676
23.5848
23.6016
23.6212
23.6368
23.6545
23.6747
23.6936
23.7147
23.7391
23.762
23.7841
23.8071
23.8286
23.852
23.8792
23.9065
23.9332
23.9633
23.9923
24.0205
24.0471
24.0749
24.103
24.129
24.1545
24.1786
24.2024
24.2256
24.2478
24.268
24.2874
24.3041
24.3218
24.3414
24.3584
24.3766
24.3958
24.415
24.4328
24.4516
24.4704
24.485
24.4315
24.3617
24.2872
24.21
24.1312
24.0634
23.9834
23.9115
23.8447
23.7749
23.7069
23.6402
23.5788
23.5224
23.4746
23.4285
23.3817
23.3391
23.3017
23.2593
23.211
23.1648
23.1164
23.0557
22.981
22.9257
22.8713
22.8171
22.7674
22.7167
22.6614
22.6062
22.5593
22.5149
22.4666
22.4104
22.3514
22.2887
22.2246
22.1651
22.1028
22.0405
21.9791
21.9108
21.8519
21.8024
21.7565
21.7127
21.6682
21.6319
21.5982
21.5444
21.515
21.4992
21.4801
21.4669
21.4693
21.4728
21.499
21.5419
21.5885
21.6555
21.7267
21.8096
21.9032
22.0094
22.1344
22.266
